<?xml version="1.0"?>
<opencv_storage>
<calibration_Time>"Tue 03 Dec 2019 12:09:39 PM CET"</calibration_Time>
<nrOfFrames>20</nrOfFrames>
<image_Width>1280</image_Width>
<image_Height>720</image_Height>
<board_Width>8</board_Width>
<board_Height>5</board_Height>
<square_Size>30.</square_Size>
<FixAspectRatio>1.</FixAspectRatio>
<!-- flags:  +fix_aspectRatio +fix_principal_point +zero_tangent_dist -->
<flagValue>14</flagValue>
<Camera_Matrix type_id="opencv-matrix">
  <rows>3</rows>
  <cols>3</cols>
  <dt>d</dt>
  <data>
    9.0343121960755013e+02 0. 640. 0. 9.0343121960755013e+02 560. 0. 0.
    1.</data></Camera_Matrix>
<Distortion_Coefficients type_id="opencv-matrix">
  <rows>5</rows>
  <cols>1</cols>
  <dt>d</dt>
  <data>
    3.0526906314626904e-02 -3.0826055723681095e-01 0. 0.
    8.6470869925596342e-01</data></Distortion_Coefficients>
<Avg_Reprojection_Error>8.8127829214628850e-01</Avg_Reprojection_Error>
<Per_View_Reprojection_Errors type_id="opencv-matrix">
  <rows>20</rows>
  <cols>1</cols>
  <dt>f</dt>
  <data>
    3.33345264e-01 1.23573296e-01 1.46714315e-01 1.39704108e-01
    1.75803706e-01 1.66165435e+00 3.70346516e-01 1.29672691e-01
    1.46568716e-01 2.44176269e-01 1.85975716e-01 1.30441606e-01
    1.31255403e-01 1.34454057e-01 2.63516724e-01 1.78112552e-01
    1.42727584e-01 1.95498958e-01 3.46768951e+00 2.58814335e-01</data></Per_View_Reprojection_Errors>
<!-- a set of 6-tuples (rotation vector + translation vector) for each view -->
<Extrinsic_Parameters type_id="opencv-matrix">
  <rows>20</rows>
  <cols>6</cols>
  <dt>d</dt>
  <data>
    -2.6330252871417731e-01 4.1130224426610910e-03
    -3.1252612773443764e+00 7.8064184490484678e+01
    6.6497538884385236e+01 3.0074306889177745e+02 3.1180187046696405e-03
    2.0128769882343130e-02 1.8014968438998592e-03
    -1.4311251457359728e+02 -1.4288715101942369e+01
    7.3581659131763604e+02 -4.8999586697122344e-02
    2.4238080328944783e-02 9.0918841824811324e-04
    -3.9940003023622643e+02 -4.8186742334923044e-01
    8.4764076692874994e+02 -1.5249572249936069e-01
    -6.7962529502878219e-02 -1.5933468109043576e+00
    -1.1712840483594113e+02 2.0109454125778487e+02
    8.9927373484602640e+02 1.2608484397212999e-01
    -2.6166557207149832e-01 -1.5784069850120905e+00
    -4.2859292704473035e+02 1.9674854994571362e+02
    8.4301264340457237e+02 -1.0991397860930936e+00
    -7.5326193606814196e-02 -1.8690914112824891e-02
    -1.1805843434479424e+02 2.6072613052270157e+01
    1.0076207614189582e+03 -1.0892596334457643e+00
    -4.5166495516071034e-02 -3.0096049424722503e-02
    -1.2209916695831372e+02 2.0938394187554758e+02
    9.2419171501540916e+02 -8.8075197524245114e-02
    -6.2063661533613486e-02 -3.0814718653278578e-02
    -1.7181039143327899e+02 -1.5825629795572263e+01
    1.3955052568764286e+03 -5.0383625521724172e-02
    -3.7711399038660207e-02 -5.1913817755057292e-03
    -1.9048362700650017e+02 -2.6996562836095319e+02
    1.4270637985546141e+03 -9.2031992198802737e-01
    -5.9396218865391523e-02 -1.6250154223757536e-02
    -1.6891862589708632e+02 2.9091186983084600e+02
    1.3211259104437756e+03 -8.0057449800688962e-01
    4.8349317306351208e-01 -1.4178586979793344e+00
    6.3606895600401617e+02 1.0632031817054482e+02 1.3698650837245893e+03
    4.0780641855324246e-01 -8.6697588713519957e-01
    -1.5041625999214276e+00 -6.1362521651637144e+02
    1.2688514134609694e+02 1.2156732156410965e+03
    -2.6379751882048008e-01 -2.9172729247902779e-01
    -2.4200892011951916e+00 -9.2417431700647526e+01
    1.9041379231095601e+02 1.2181225701971734e+03
    -6.6674591349537807e-02 1.2492764550848386e-01
    6.7404632404656240e-01 -1.5106417490026612e+02
    -7.1762170488983344e+01 1.2275569722481432e+03
    -3.2959774203496106e-01 3.3233111966171965e-02
    1.1512475915222689e+00 4.4546381183384591e+02
    -1.5089594608939612e+02 1.2165616371687941e+03
    -3.7865928632255369e-01 -3.9313484174156216e-01
    -1.2815738688330274e+00 3.9484135488884016e+02
    2.8920234681155949e+02 1.0409056419505314e+03
    -9.5810123536047689e-02 -1.2545862816871486e-01
    -2.5419389909766159e+00 -2.8338499829480799e+02
    3.3644451713653928e+02 1.0695940786151457e+03
    -9.3033601328898277e-02 1.4084469397798874e-01
    -7.8639165986568071e-01 -6.0509902281132190e+02
    -1.9815464918477937e+02 1.3162998961659498e+03
    -8.6918083961907855e-01 -5.1303187550981733e-01
    -1.4584307481306256e+00 -3.3777536275521868e+02
    1.8113926762658075e+01 1.0079103118823141e+03
    -6.3765143014352876e-02 1.4986452268642462e-02
    3.1090430411801724e+00 9.6926004426014742e+01 6.6168624168293860e+01
    3.7074887580616092e+02</data></Extrinsic_Parameters>
