<?xml version="1.0"?>
<opencv_storage>
<calibration_Time>"Thu 14 Nov 2019 12:14:18 PM CET"</calibration_Time>
<nrOfFrames>30</nrOfFrames>
<image_Width>640</image_Width>
<image_Height>480</image_Height>
<board_Width>8</board_Width>
<board_Height>5</board_Height>
<square_Size>30.</square_Size>
<FixAspectRatio>1.</FixAspectRatio>
<!-- flags:  +fix_aspectRatio +fix_principal_point +zero_tangent_dist -->
<flagValue>14</flagValue>
<Camera_Matrix type_id="opencv-matrix">
  <rows>3</rows>
  <cols>3</cols>
  <dt>d</dt>
  <data>
    1.0710694604241014e+03 0. 320. 0. 1.0710694604241014e+03 240. 0. 0.
    1.</data></Camera_Matrix>
<Distortion_Coefficients type_id="opencv-matrix">
  <rows>5</rows>
  <cols>1</cols>
  <dt>d</dt>
  <data>
    -1.3943489901104809e+00 4.2044868363617091e+01 0. 0.
    -2.5711968321027342e+02</data></Distortion_Coefficients>
<Avg_Reprojection_Error>1.6744411348295647e+00</Avg_Reprojection_Error>
<Per_View_Reprojection_Errors type_id="opencv-matrix">
  <rows>30</rows>
  <cols>1</cols>
  <dt>f</dt>
  <data>
    4.07309264e-01 2.75459623e+00 2.54269862e+00 3.49308610e+00
    2.51204759e-01 1.25944093e-01 3.91721344e+00 3.93808937e+00
    1.77225006e+00 1.97208810e+00 5.07337987e-01 1.65667936e-01
    2.33027562e-01 1.98849976e-01 2.54037410e-01 1.91165745e-01
    4.34237063e-01 7.54728496e-01 4.49689120e-01 3.63102055e+00
    4.50384796e-01 6.07053816e-01 3.61495703e-01 4.04742151e-01
    6.74359083e-01 6.43420875e-01 1.06721020e+00 7.93200612e-01
    7.18650460e-01 1.04221535e+00</data></Per_View_Reprojection_Errors>
<!-- a set of 6-tuples (rotation vector + translation vector) for each view -->
<Extrinsic_Parameters type_id="opencv-matrix">
  <rows>30</rows>
  <cols>6</cols>
  <dt>d</dt>
  <data>
    -7.0970421924642410e-02 7.0370000097902383e-02
    -6.1239825221724012e-02 -1.2032442294212008e+02
    -1.1690038864853934e+01 8.4233273058287728e+02
    -8.3083791641037838e-02 -1.2468057853168242e+00
    2.3269704418467266e-03 -1.7389875357658201e+02
    -4.7740470496367820e+01 7.3520564378356562e+02
    -1.8954030842109934e-02 7.4999724840883375e-01
    9.2801230520029501e-03 2.6296223846359208e+01
    -2.5222727577637780e+01 9.8609174667248612e+02
    -1.2528026935261050e+00 -8.8959090836961047e-02
    -4.6245448267814127e-02 -1.6508903762959272e+02
    1.5309371662069310e+02 1.1052293261095317e+03
    -4.4702802433205985e-02 -1.0569269530731590e-01
    2.4814489834137834e-02 -1.2056584464836196e+02
    -7.0500161717811466e+01 1.1828706800729292e+03
    1.1404028738367791e-01 -2.5598952560548671e-02
    2.7133884814405720e-02 -1.5487736619506381e+02
    -4.7940298122942757e+01 2.0243906323702431e+03
    -9.2034765249721442e-03 6.8558967665864157e-01
    1.2358368786376937e-01 3.5647948025714601e+02
    -8.5431921196863698e+01 2.3128383152550591e+03
    1.5553951371964794e-03 -9.1964435552127988e-01
    -1.4239430164767763e-02 -5.5671783824311035e+02
    -2.8911835832181588e+01 2.2157727413297871e+03
    -1.2480158238574453e+00 -2.0333153371435798e-02
    -4.1239061888188197e-02 -2.2933761424902841e+02
    2.8689128864365546e+02 2.0256123363980200e+03 3.7672535598808420e-02
    -1.1619148727178213e-01 -2.5390065821937636e-03
    -9.9862599506083427e+01 -5.7977661435067283e+01
    4.6983005106791973e+02 -7.1185686852207475e-01
    6.7585973783873998e-01 -1.5339547402958673e+00
    4.3831544415133362e+02 1.9490212650777718e+02 2.0124131850790982e+03
    -2.0855851642404727e-01 -1.0180459034250253e-01
    -2.4648892942495797e+00 -5.4322402789316726e+01
    1.7459153561471658e+02 1.7044356971702241e+03
    -1.1782681310304158e-01 1.2341507118470034e-01
    7.8219028161757498e-01 -8.1135419296302530e+01
    -5.1669062010725909e+01 1.7365889261594616e+03
    8.3994710281815058e-02 -2.3504741528034497e-02
    8.7578748073952467e-03 -1.4448567482249135e+02
    -5.2904316749818641e+01 1.1072479042403579e+03
    -8.6771707258110516e-03 -1.0658974645488316e-01
    -5.7919091260841304e-01 -1.4765239133880206e+02
    -2.6755238820084553e+01 2.1514274016888339e+03
    -1.3660999274191515e-01 1.5992019783694059e-01
    7.5715200827112139e-01 -7.0918788165763971e+01
    -2.1641295551946371e+02 2.1667951014055579e+03
    -4.2890961799433663e-01 1.9582512236630886e-01
    -9.6533300988254223e-01 2.5119352562396833e+02
    2.7757342975931772e+02 1.9184867553730885e+03
    -1.1199184240328958e-01 9.2407643230322661e-02
    1.3611109569292232e+00 -4.5431341132895380e+02
    1.7672381468928182e+02 2.1860710784278313e+03 6.6578704979710468e-02
    2.7201045020562958e-01 7.6747071600781602e-01
    -5.0263453708815109e+02 2.0719421226485065e+02
    2.2499698017257970e+03 -7.4359296871491554e-01
    -1.5627649744116546e-03 2.9244347329966773e+00
    -2.5125376886802070e+02 -2.8185084540101826e+02
    2.3182161424782580e+03 -1.3458998775127448e-01
    1.7390945663337376e-01 2.2657307844225101e+00
    -3.5174900699512682e+02 -3.5520204412679590e+02
    2.1768840968276404e+03 2.5998033146581273e-01
    -5.6813304654929109e-01 -2.2924598568892445e+00
    4.7512668856712361e+02 -1.5395062010204100e+02
    1.9697801250067853e+03 -2.7844389820906201e-01
    -1.5004848333809570e-01 4.9555550584903501e-03
    2.2742863391827657e+02 -4.3107100133159565e+02
    2.2852376876348071e+03 -1.5090011450609037e-01
    1.6275234114345985e-01 -1.7621398316863403e-02
    -3.8693792291952417e+02 -4.1830865261496081e+02
    2.2048667300024485e+03 -1.1857382049770875e-01
    1.4300479445255634e-01 1.2121925303204020e-02
    -3.5231059941185214e+02 2.1513560102030442e+02
    1.7683642273846422e+03 -2.8781369709374588e-01
    -1.1459357154701690e-01 -4.1833051981120729e-02
    1.0857004894829242e+02 2.1164583890773693e+02 1.7661637203895004e+03
    -4.2831630060199209e-02 1.8292184441208753e-01
    7.5012097078179285e-01 -1.5155809971030217e+02
    -6.3851398392388184e+01 9.2601500912604820e+02
    -6.8232980186487074e-02 -1.4778873436931581e-01
    -2.3586642401007998e+00 1.2823202507539273e+02
    1.3880461267173334e+02 9.0975194812968994e+02
    -5.3217112238009762e-02 -2.1551850697901487e-01
    -8.9404848138006676e-01 -2.4390770519878109e+02
    -9.2908779042330583e+00 9.9291592154006378e+02
    -2.6398754148761451e-02 -1.9438464979809109e-01
    7.5361726007009866e-01 1.0656319636920006e+02
    -1.7930884689385840e+02 9.7789866118450448e+02</data></Extrinsic_Parameters>
